
Code
Dimension   Fixed Cost    Capacity
64	1186	119
Facility	Client	Transportation Cost	Demand
1	1	0.0	16
26	1	13.6	16
10	1	16.3	16
19	1	18.1	16
15	1	22.8	16
21	1	31.4	16
2	2	0.0	13
42	2	2.3	13
17	2	8.3	13
41	2	8.8	13
50	2	9.9	13
60	2	20.2	13
3	3	0.0	15
32	3	18.0	15
34	3	23.7	15
23	3	28.4	15
31	3	29.8	15
4	3	31.8	15
4	4	0.0	20
34	4	19.7	20
14	4	31.3	20
6	4	31.5	20
18	4	32.6	20
32	4	33.7	20
5	5	0.0	8
63	5	9.0	8
25	5	9.8	8
46	5	10.1	8
58	5	10.8	8
24	5	11.3	8
6	6	0.0	35
18	6	22.3	35
13	6	27.7	35
34	6	33.9	35
10	6	38.6	35
31	6	40.7	35
7	7	0.0	6
21	7	4.1	6
15	7	6.5	6
26	7	7.0	6
19	7	10.5	6
54	7	11.3	6
8	8	0.0	23
46	8	35.2	23
29	8	38.5	23
11	8	42.7	23
27	8	44.3	23
45	8	48.4	23
9	9	0.0	33
55	9	13.6	33
48	9	18.3	33
64	9	42.2	33
43	9	44.2	33
38	9	45.8	33
10	10	0.0	11
1	10	11.2	11
26	10	11.4	11
13	10	12.0	11
6	10	12.1	11
18	10	13.1	11
11	11	0.0	32
27	11	10.7	32
64	11	34.0	32
43	11	45.4	32
8	11	59.4	32
29	11	64.7	32
12	12	0.0	25
49	12	23.1	25
55	12	35.3	25
38	12	43.8	25
48	12	44.2	25
9	12	45.3	25
13	13	0.0	16
18	13	3.6	16
14	13	12.1	16
6	13	12.6	16
10	13	17.5	16
21	13	25.5	16
14	14	0.0	28
18	14	20.4	28
13	14	21.2	28
59	14	36.2	28
6	14	36.6	28
56	14	41.8	28
15	15	0.0	13
19	15	9.2	13
26	15	12.4	13
7	15	14.1	13
40	15	16.8	13
1	15	18.5	13
16	16	0.0	19
30	16	6.8	19
35	16	8.3	19
23	16	25.2	19
32	16	37.3	19
17	16	44.1	19
17	17	0.0	23
2	17	14.7	23
42	17	18.7	23
50	17	24.5	23
41	17	30.2	23
36	17	37.1	23
18	18	0.0	34
13	18	7.7	34
6	18	21.7	34
14	18	24.8	34
10	18	40.5	34
34	18	47.6	34
19	19	0.0	30
15	19	21.3	30
1	19	33.8	30
26	19	34.7	30
40	19	36.9	30
7	19	52.7	30
20	20	0.0	12
61	20	6.4	12
37	20	11.0	12
24	20	11.3	12
22	20	11.3	12
54	20	13.8	12
21	21	0.0	28
7	21	19.0	28
26	21	31.8	28
15	21	43.1	28
13	21	44.6	28
10	21	45.7	28
22	22	0.0	16
24	22	7.3	16
61	22	13.4	16
20	22	15.0	16
25	22	21.8	16
37	22	24.9	16
23	23	0.0	21
32	23	17.6	21
30	23	21.6	21
16	23	27.8	21
35	23	35.4	21
3	23	39.8	21
24	24	0.0	29
22	24	13.3	29
61	24	16.8	29
20	24	27.2	29
25	24	34.1	29
37	24	36.7	29
25	25	0.0	18
63	25	4.9	18
24	25	21.2	18
5	25	22.1	18
53	25	23.2	18
22	25	24.5	18
26	26	0.0	8
1	26	6.8	8
15	26	7.6	8
10	26	8.3	8
21	26	9.1	8
19	26	9.3	8
27	27	0.0	6
11	27	2.0	6
64	27	5.1	6
43	27	8.3	6
45	27	10.5	6
8	27	11.6	6
28	28	0.0	9
57	28	4.5	9
52	28	6.8	9
58	28	8.2	9
33	28	9.3	9
47	28	10.6	9
29	29	0.0	8
8	29	13.4	8
11	29	16.2	8
27	29	18.5	8
46	29	23.3	8
64	29	24.6	8
30	30	0.0	15
16	30	5.3	15
35	30	9.9	15
23	30	15.4	15
32	30	24.2	15
17	30	35.8	15
31	31	0.0	34
6	31	39.5	34
34	31	45.8	34
10	31	49.8	34
18	31	60.6	34
13	31	64.1	34
32	32	0.0	19
23	32	15.9	19
3	32	22.8	19
30	32	30.6	19
4	32	32.0	19
34	32	33.9	19
33	33	0.0	9
47	33	1.7	9
52	33	3.0	9
28	33	9.3	9
57	33	9.5	9
51	33	10.4	9
34	34	0.0	23
6	34	22.2	23
4	34	22.7	23
31	34	31.0	23
18	34	32.2	23
3	34	36.3	23
35	35	0.0	33
16	35	14.3	33
30	35	21.8	33
23	35	55.6	33
17	35	62.9	33
2	35	68.1	33
36	36	0.0	29
44	36	31.7	29
38	36	34.6	29
50	36	40.7	29
17	36	46.7	29
60	36	49.2	29
37	37	0.0	34
54	37	15.3	34
61	37	24.5	34
20	37	31.1	34
24	37	43.1	34
22	37	53.0	34
38	38	0.0	29
36	38	34.6	29
49	38	38.1	29
55	38	39.3	29
9	38	40.2	29
12	38	50.8	29
39	39	0.0	9
53	39	10.2	9
63	39	19.9	9
25	39	20.1	9
46	39	24.5	9
22	39	29.1	9
40	40	0.0	16
19	40	19.7	16
15	40	20.7	16
7	40	35.1	16
26	40	35.1	16
1	40	37.7	16
41	41	0.0	24
42	41	12.0	24
2	41	16.3	24
50	41	21.2	24
17	41	31.6	24
60	41	32.2	24
42	42	0.0	29
2	42	5.2	29
41	42	14.5	29
50	42	20.7	29
17	42	23.6	29
60	42	42.2	29
43	43	0.0	31
64	43	25.1	31
48	43	27.3	31
9	43	41.5	31
27	43	42.9	31
55	43	43.7	31
44	44	0.0	16
62	44	12.0	16
36	44	17.5	16
60	44	17.8	16
50	44	23.3	16
9	44	28.9	16
45	45	0.0	21
47	45	24.5	21
62	45	27.1	21
33	45	28.0	21
52	45	33.1	21
51	45	34.7	21
46	46	0.0	33
5	46	41.5	33
63	46	42.4	33
8	46	50.5	33
25	46	51.2	33
53	46	53.3	33
47	47	0.0	13
33	47	2.4	13
52	47	5.6	13
51	47	13.9	13
45	47	15.1	13
28	47	15.3	13
48	48	0.0	16
55	48	8.5	16
9	48	8.9	16
43	48	14.1	16
64	48	18.2	16
12	48	28.3	16
49	49	0.0	7
12	49	6.5	7
38	49	9.2	7
55	49	12.4	7
9	49	14.6	7
48	49	15.9	7
50	50	0.0	11
42	50	7.9	11
2	50	8.4	11
60	50	9.4	11
41	50	9.7	11
17	50	11.7	11
51	51	0.0	7
56	51	5.6	7
52	51	6.8	7
47	51	7.5	7
33	51	8.1	7
59	51	8.4	7
52	52	0.0	10
33	52	3.3	10
47	52	4.3	10
28	52	7.6	10
57	52	9.1	10
51	52	9.7	10
53	53	0.0	8
39	53	9.1	8
63	53	9.4	8
25	53	10.3	8
46	53	12.9	8
5	53	17.5	8
54	54	0.0	10
37	54	4.5	10
61	54	11.2	10
20	54	11.5	10
24	54	16.9	10
58	54	17.0	10
55	55	0.0	19
9	55	7.8	19
48	55	10.0	19
38	55	25.7	19
43	55	26.8	19
12	55	26.9	19
56	56	0.0	31
59	56	15.3	31
51	56	24.7	31
14	56	46.3	31
52	56	48.9	31
28	56	50.7	31
57	57	0.0	35
28	57	17.5	35
58	57	21.1	35
52	57	32.0	35
33	57	37.1	35
47	57	43.3	35
58	58	0.0	15
57	58	9.1	15
28	58	13.6	15
5	58	20.3	15
52	58	22.6	15
37	58	23.7	15
59	59	0.0	35
56	59	17.2	35
51	59	42.1	35
14	59	45.2	35
41	59	53.3	35
60	59	56.8	35
60	60	0.0	19
62	60	16.1	19
50	60	16.2	19
44	60	21.1	19
41	60	25.5	19
42	60	27.6	19
61	61	0.0	12
20	61	6.4	12
24	61	7.0	12
37	61	8.7	12
22	61	10.1	12
54	61	13.5	12
62	62	0.0	20
44	62	15.0	20
60	62	17.0	20
45	62	25.8	20
51	62	31.7	20
50	62	31.7	20
63	63	0.0	29
25	63	7.8	29
5	63	32.6	29
53	63	34.1	29
46	63	37.3	29
24	63	39.8	29
64	64	0.0	16
43	64	13.0	16
27	64	13.5	16
11	64	17.0	16
48	64	18.2	16
9	64	20.4	16
