
Code
Dimension   Fixed Cost    Capacity
73	1198	121
Facility	Client	Transportation Cost	Demand
1	1	0.0	31
66	1	21.3	31
67	1	28.3	31
52	1	57.6	31
28	1	65.0	31
71	1	66.1	31
34	1	66.1	31
2	2	0.0	6
22	2	4.5	6
53	2	5.4	6
16	2	6.3	6
35	2	7.4	6
24	2	7.7	6
59	2	9.2	6
3	3	0.0	27
33	3	22.7	27
61	3	39.2	27
69	3	45.4	27
9	3	46.1	27
62	3	54.2	27
39	3	55.1	27
4	4	0.0	24
14	4	19.5	24
60	4	29.7	24
25	4	37.4	24
64	4	40.6	24
58	4	46.0	24
63	4	50.7	24
5	5	0.0	27
44	5	7.9	27
63	5	28.1	27
52	5	28.2	27
23	5	39.7	27
73	5	48.9	27
56	5	50.3	27
6	6	0.0	26
54	6	9.9	26
36	6	10.3	26
39	6	18.7	26
62	6	23.6	26
49	6	28.3	26
68	6	30.1	26
7	7	0.0	31
57	7	10.8	31
13	7	12.6	31
30	7	15.4	31
37	7	22.0	31
43	7	26.9	31
55	7	28.4	31
8	8	0.0	8
15	8	0.8	8
41	8	11.0	8
49	8	11.1	8
65	8	11.2	8
36	8	11.3	8
72	8	11.7	8
9	9	0.0	33
69	9	11.7	33
62	9	17.5	33
39	9	24.3	33
68	9	29.6	33
29	9	41.0	33
6	9	47.5	33
10	10	0.0	22
72	10	1.7	22
45	10	16.8	22
17	10	21.7	22
65	10	27.5	22
15	10	30.4	22
49	10	31.0	22
11	11	0.0	20
18	11	10.5	20
26	11	25.0	20
27	11	25.5	20
48	11	28.7	20
32	11	35.5	20
51	11	36.7	20
12	12	0.0	29
29	12	21.6	29
68	12	27.6	29
48	12	33.1	29
27	12	38.2	29
62	12	47.7	29
9	12	49.0	29
13	13	0.0	11
30	13	2.6	11
57	13	4.1	11
7	13	4.5	11
37	13	7.9	11
50	13	8.3	11
43	13	10.6	11
14	14	0.0	14
4	14	11.4	14
58	14	17.9	14
60	14	18.4	14
73	14	19.4	14
23	14	19.9	14
63	14	21.3	14
15	15	0.0	14
8	15	1.4	14
65	15	18.4	14
49	15	18.4	14
72	15	19.1	14
10	15	19.4	14
36	15	19.5	14
16	16	0.0	24
35	16	12.4	24
2	16	25.2	24
53	16	29.2	24
46	16	33.3	24
22	16	41.3	24
24	16	47.5	24
17	17	0.0	11
10	17	10.8	11
72	17	11.7	11
19	17	17.4	11
45	17	18.2	11
15	17	19.0	11
8	17	19.6	11
18	18	0.0	22
11	18	11.5	22
27	18	17.3	22
48	18	20.1	22
26	18	25.3	22
51	18	34.0	22
32	18	36.4	22
19	19	0.0	25
31	19	23.7	25
17	19	39.4	25
8	19	42.9	25
15	19	43.8	25
41	19	49.6	25
10	19	55.2	25
20	20	0.0	9
51	20	8.5	9
32	20	8.9	9
26	20	13.2	9
45	20	17.5	9
65	20	17.8	9
49	20	18.2	9
21	21	0.0	16
42	21	10.4	16
40	21	11.9	16
55	21	16.6	16
43	21	18.8	16
61	21	30.0	16
7	21	31.0	16
22	22	0.0	14
2	22	10.6	14
53	22	13.2	14
70	22	19.8	14
34	22	20.9	14
24	22	22.5	14
16	22	24.1	14
23	23	0.0	33
73	23	11.3	33
58	23	30.1	33
14	23	46.9	33
5	23	48.5	33
44	23	50.0	33
63	23	50.5	33
24	24	0.0	19
59	24	8.5	19
28	24	13.0	19
34	24	20.0	19
2	24	24.5	19
22	24	30.5	19
70	24	30.8	19
25	25	0.0	30
60	25	11.4	30
37	25	23.0	30
57	25	34.0	30
38	25	34.7	30
7	25	41.6	30
13	25	44.6	30
26	26	0.0	32
32	26	16.9	32
51	26	23.8	32
18	26	36.8	32
11	26	39.9	32
20	26	47.1	32
48	26	50.9	32
27	27	0.0	6
48	27	1.9	6
18	27	4.7	6
11	27	7.6	6
12	27	7.9	6
26	27	10.1	6
51	27	10.6	6
28	28	0.0	21
59	28	6.3	21
24	28	14.3	21
66	28	29.7	21
34	28	33.7	21
33	28	37.6	21
2	28	38.5	21
29	29	0.0	6
12	29	4.5	6
68	29	5.6	6
9	29	7.4	6
62	29	8.6	6
69	29	9.1	6
39	29	9.9	6
30	30	0.0	19
13	30	4.4	19
7	30	9.4	19
57	30	11.1	19
50	30	13.2	19
43	30	14.8	19
37	30	18.1	19
31	31	0.0	27
19	31	25.6	27
50	31	50.8	27
40	31	50.8	27
41	31	53.7	27
43	31	58.4	27
30	31	59.8	27
32	32	0.0	34
26	32	18.0	34
51	32	20.0	34
20	32	33.4	34
18	32	56.3	34
11	32	60.4	34
48	32	65.9	34
33	33	0.0	7
3	33	5.9	7
61	33	10.5	7
28	33	12.5	7
59	33	13.6	7
9	33	14.1	7
69	33	14.9	7
34	34	0.0	25
71	34	14.6	25
70	34	15.8	25
24	34	26.4	25
59	34	36.7	25
22	34	37.4	25
67	34	39.1	25
35	35	0.0	16
16	35	8.3	16
53	35	15.6	16
2	35	19.7	16
46	35	25.6	16
22	35	27.7	16
24	35	37.8	16
36	36	0.0	22
54	36	6.2	22
6	36	8.7	22
49	36	17.8	22
65	36	21.6	22
39	36	22.2	22
62	36	27.0	22
37	37	0.0	17
57	37	6.6	17
7	37	12.1	17
13	37	12.3	17
38	37	12.6	17
25	37	13.0	17
30	37	16.2	17
38	38	0.0	32
37	38	23.7	32
57	38	29.4	32
13	38	32.2	32
50	38	35.1	32
25	38	37.0	32
30	38	38.4	32
39	39	0.0	23
62	39	5.5	23
69	39	10.3	23
6	39	16.5	23
9	39	17.0	23
54	39	17.9	23
68	39	19.7	23
40	40	0.0	19
42	40	12.9	19
21	40	14.2	19
43	40	19.6	19
55	40	22.9	19
41	40	28.7	19
30	40	32.8	19
41	41	0.0	29
8	41	39.9	29
15	41	42.8	29
40	41	43.7	29
21	41	56.9	29
19	41	57.5	29
31	41	57.6	29
42	42	0.0	6
43	42	3.2	6
55	42	3.2	6
21	42	3.9	6
40	42	4.1	6
30	42	7.9	6
7	42	8.0	6
43	43	0.0	16
55	43	7.4	16
42	43	8.4	16
30	43	12.5	16
7	43	13.9	16
13	43	15.4	16
40	43	16.5	16
44	44	0.0	31
5	44	9.1	31
63	44	23.9	31
52	44	41.4	31
23	44	47.0	31
56	44	48.7	31
73	44	57.4	31
45	45	0.0	20
72	45	14.4	20
10	45	15.3	20
65	45	23.8	20
49	45	27.3	20
17	45	33.0	20
20	45	38.8	20
46	46	0.0	16
16	46	22.2	16
35	46	25.6	16
29	46	30.8	16
2	46	38.3	16
9	46	40.1	16
53	46	40.7	16
47	47	0.0	19
61	47	14.7	19
52	47	22.2	19
66	47	37.3	19
21	47	38.7	19
33	47	40.7	19
1	47	41.1	19
48	48	0.0	31
27	48	9.7	31
18	48	28.3	31
12	48	35.4	31
11	48	44.5	31
51	48	47.8	31
26	48	49.3	31
49	49	0.0	32
65	49	5.8	32
36	49	25.8	32
54	49	34.8	32
6	49	34.9	32
15	49	42.1	32
72	49	42.8	32
50	50	0.0	25
30	50	17.4	25
13	50	18.8	25
57	50	26.7	25
38	50	27.4	25
7	50	28.7	25
37	50	32.4	25
51	51	0.0	10
32	51	5.9	10
26	51	7.4	10
20	51	9.5	10
48	51	15.4	10
18	51	15.4	10
27	51	17.6	10
52	52	0.0	13
5	52	13.6	13
47	52	15.2	13
44	52	17.3	13
23	52	21.3	13
1	52	24.1	13
73	52	24.9	13
53	53	0.0	13
2	53	11.8	13
22	53	12.2	13
35	53	12.7	13
16	53	15.8	13
24	53	28.4	13
70	53	30.6	13
54	54	0.0	8
36	54	2.3	8
6	54	3.1	8
39	54	6.2	8
62	54	8.1	8
49	54	8.7	8
69	54	9.5	8
55	55	0.0	6
43	55	2.8	6
42	55	3.2	6
7	55	5.5	6
21	55	6.2	6
30	55	6.4	6
13	55	7.1	6
56	56	0.0	25
63	56	25.5	25
64	56	28.0	25
44	56	39.2	25
5	56	46.5	25
14	56	52.0	25
4	56	58.9	25
57	57	0.0	25
7	57	8.7	25
13	57	9.3	25
37	57	9.7	25
30	57	14.7	25
38	57	23.0	25
50	57	26.7	25
58	58	0.0	17
73	58	10.0	17
23	58	15.5	17
55	58	20.2	17
7	58	20.8	17
14	58	21.8	17
60	58	23.6	17
59	59	0.0	12
28	59	3.6	12
24	59	5.4	12
34	59	17.6	12
2	59	18.4	12
66	59	19.5	12
33	59	23.4	12
60	60	0.0	10
25	60	3.8	10
37	60	9.7	10
4	60	12.4	10
57	60	12.7	10
14	60	13.1	10
58	60	13.9	10
61	61	0.0	13
47	61	10.1	13
3	61	18.9	13
33	61	19.4	13
21	61	24.4	13
52	61	25.2	13
28	61	30.1	13
62	62	0.0	16
39	62	3.8	16
69	62	5.3	16
9	62	8.5	16
68	62	11.2	16
6	62	14.5	16
54	62	16.2	16
63	63	0.0	28
44	63	21.6	28
56	63	28.5	28
5	63	29.1	28
14	63	42.6	28
23	63	42.8	28
64	63	47.8	28
64	64	0.0	31
56	64	34.7	31
4	64	52.4	31
63	64	52.9	31
14	64	56.9	31
44	64	75.9	31
5	64	84.7	31
65	65	0.0	20
49	65	3.6	20
36	65	19.6	20
72	65	23.5	20
45	65	23.8	20
10	65	25.0	20
54	65	25.1	20
66	66	0.0	30
1	66	20.6	30
67	66	34.5	30
28	66	42.4	30
59	66	48.6	30
24	66	50.2	30
34	66	53.1	30
67	67	0.0	28
1	67	25.6	28
66	67	32.2	28
71	67	38.2	28
34	67	43.8	28
70	67	51.6	28
24	67	59.6	28
68	68	0.0	13
62	68	9.1	13
39	68	11.1	13
9	68	11.7	13
29	68	12.0	13
12	68	12.4	13
69	68	12.4	13
69	69	0.0	14
62	69	4.6	14
9	69	5.0	14
39	69	6.3	14
68	69	13.4	14
6	69	16.3	14
54	69	16.6	14
70	70	0.0	23
71	70	11.2	23
34	70	14.5	23
22	70	32.6	23
24	70	37.3	23
67	70	42.4	23
2	70	43.2	23
71	71	0.0	23
70	71	11.2	23
34	71	13.4	23
67	71	31.3	23
24	71	37.5	23
22	71	42.3	23
66	71	44.9	23
72	72	0.0	21
10	72	1.6	21
45	72	15.1	21
17	72	22.3	21
65	72	24.7	21
49	72	28.1	21
15	72	28.6	21
73	73	0.0	20
23	73	6.8	20
58	73	11.8	20
14	73	27.7	20
55	73	28.7	20
7	73	34.9	20
63	73	36.1	20
